Eg_aKQCXgAA69yQ
19
129 90 101 148 0.9996722 
187 145 221 144 216 174 176 192 207 193 0.9996722 
295 90 95 117 0.9991241 
313 140 352 135 332 161 324 185 349 181 0.9991241 
569 170 96 122 0.9989151 
591 221 632 215 612 243 603 268 631 263 0.9989151 
3 53 91 118 0.9978623 
19 106 56 103 34 127 26 148 51 146 0.9978623 
508 82 83 109 0.98735344 
524 120 561 131 533 144 521 160 546 169 0.98735344 
384 77 72 96 0.9863979 
400 117 433 116 415 137 408 152 430 151 0.9863979 
210 6 67 80 0.9566803 
220 46 253 37 237 58 233 76 254 69 0.9566803 
236 44 73 99 0.9535848 
247 88 281 83 261 104 255 124 279 120 0.9535848 
193 148 87 102 0.937349 
217 183 237 187 218 205 211 217 228 219 0.937349 
608 0 70 50 0.91042125 
621 6 648 1 632 18 629 33 647 29 0.91042125 
335 83 87 117 0.8025587 
348 131 386 127 365 153 358 175 386 173 0.8025587 
460 -3 87 68 0.7696476 
474 9 506 7 485 26 483 42 506 41 0.7696476 
